0,0
0,1
1,2
1,3
2,4
2,5
2,6
2,7
3,8
3,9
4,10
5,11
5,12
5,13
5,14
5,15
6,16
6,17
6,18
6,19
6,20
6,21
7,22
7,23
7,24
7,25
8,26
8,27
8,28
8,29
8,30
9,31
9,32
9,33
9,34
9,35
9,36
10,37
10,38
10,39
10,40
11,41
11,42
11,43
11,44
12,45
12,46
12,47
13,48
13,49
13,50
13,51
13,52
13,53
13,54
13,55
13,56
15,57
15,58
16,16
16,59
16,60
16,61
16,62
16,63
17,64
17,65
17,66
17,67
17,68
17,69
17,70
18,71
18,72
18,73
18,74
18,75
18,76
18,77
18,78
18,79
18,80
18,81
18,82
18,83
19,16
19,84
19,60
19,85
19,86
19,87
19,88
19,89
19,90
20,91
20,92
20,93
20,94
20,95
20,96
20,97
20,98
20,99
20,100
20,101
21,102
21,103
21,104
21,105
21,106
21,107
21,108
21,109
22,110
23,111
23,112
23,113
23,114
23,115
23,116
23,117
24,118
24,119
24,120
24,121
26,122
26,123
26,124
26,125
26,126
26,127
26,128
26,129
28,130
28,131
28,132
28,133
29,134
29,135
30,136
30,137
30,138
30,139
30,140
31,141
31,142
32,143
34,144
34,145
34,146
34,147
34,148
35,149
35,150
35,151
35,83
37,152
37,153
37,154
38,155
38,156
38,157
38,158
38,159
39,160
39,161
39,162
39,163
40,164
40,165
42,166
42,167
42,168
42,169
42,170
42,171
43,172
43,173
43,174
43,175
43,176
43,177
44,178
44,179
44,180
44,181
44,182
45,183
46,184
46,185
47,186
47,187
48,188
48,189
48,190
49,191
49,192
49,193
50,194
51,195
51,196
51,197
52,198
52,199
52,200
52,201
52,202
54,203
54,204
54,205
54,206
55,207
55,208
56,209
56,210
57,211
57,212
57,213
57,214
57,215
58,216
58,217
58,218
58,219
58,220
58,221
59,222
59,223
59,224
59,225
59,226
59,227
60,228
60,229
61,230
63,231
63,232
63,233
64,234
64,235
64,236
65,237
65,238
65,239
65,240
66,241
66,242
66,243
67,244
67,245
67,246
67,247
68,248
68,249
68,250
68,251
69,252
69,253
69,254
69,255
69,256
70,257
70,258
70,259
70,260
70,261
72,262
72,263
72,264
72,265
72,266
72,267
72,268
73,269
73,270
73,271
73,272
73,273
73,274
73,275
74,276
74,277
74,278
75,279
76,280
76,281
76,282
76,283
77,284
77,285
77,286
77,287
77,288
77,289
80,290
80,291
80,292
80,293
80,294
80,295
80,296
81,297
82,298
82,299
82,300
82,301
82,302
82,303
82,304
82,305
82,306
82,307
83,308
83,309
83,310
83,311
84,312
84,313
84,314
84,315
86,316
86,317
86,318
86,319
87,320
87,321
87,322
87,323
87,324
87,325
87,326
87,327
87,328
88,329
88,330
88,331
88,332
88,333
88,334
88,335
89,336
89,337
89,338
90,339
90,340
90,341
91,342
91,343
91,344
91,345
91,346
91,347
92,348
92,349
92,350
92,351
93,352
93,353
94,354
94,355
94,356
95,357
95,358
95,359
95,360
95,361
95,362
96,363
97,364
98,365
100,366
100,367
101,368
103,369
103,370
103,371
104,372
104,373
105,374
105,375
105,376
105,377
105,378
106,379
106,380
106,381
106,382
106,383
106,384
106,385
107,386
107,387
107,388
108,389
108,390
108,391
108,392
108,393
109,394
109,395
109,396
109,397
114,398
114,399
114,400
115,401
115,402
115,403
116,404
116,405
116,406
116,407
117,408
117,409
117,410
117,411
118,412
118,413
118,414
119,415
119,416
119,417
120,418
120,419
121,420
121,421
121,422
121,423
121,424
121,425
121,426
122,427
122,428
122,429
122,430
122,431
123,432
123,433
123,434
123,435
123,436
123,437
123,438
124,439
124,440
124,441
124,442
124,443
124,444
124,445
125,446
125,447
126,448
126,449
126,450
126,451
126,452
127,453
127,454
127,455
128,456
128,457
129,458
129,459
129,460
129,461
130,462
130,463
130,464
130,465
131,466
131,467
132,468
133,469
133,470
133,471
133,472
134,473
134,474
135,475
135,476
135,477
135,478
135,479
136,480
136,481
138,482
138,483
139,484
139,485
139,486
140,487
140,488
140,489
140,490
140,491
140,492
140,493
140,494
140,495
140,83
141,496
141,497
141,498
141,499
142,500
142,501
142,502
143,503
144,504
144,505
144,506
144,507
144,508
144,509
146,510
147,511
147,512
147,513
147,514
149,515
149,516
150,517
153,518
154,519
154,520
155,521
155,522
156,523
156,524
157,525
158,526
158,527
158,528
159,529
159,530
159,531
159,532
159,533
159,534
160,535
161,536
163,537
163,538
164,539
165,540
166,541
167,542
168,543
168,544
168,545
168,546
168,547
168,548
168,549
168,550
168,551
168,378
169,552
169,553
170,554
170,555
171,556
171,557
172,558
172,559
173,560
173,561
173,562
174,563
174,564
174,565
175,566
175,567
175,568
175,569
176,570
176,571
176,572
176,573
176,574
176,575
177,576
177,577
177,578
177,579
177,580
178,581
178,582
178,583
178,584
178,585
179,586
179,587
179,588
179,589
179,590
179,591
181,592
181,593
181,594
181,595
182,596
182,597
183,598
183,599
183,600
184,601
184,602
184,603
184,604
184,605
185,606
185,607
185,608
185,609
186,610
186,611
186,612
186,613
186,614
186,615
186,616
187,617
187,618
188,619
188,620
188,621
188,622
188,623
188,624
189,625
189,626
190,627
190,628
190,629
190,630
191,631
191,632
191,633
191,634
191,635
191,636
191,109
192,637
192,638
192,639
193,640
193,641
193,642
193,643
194,644
195,645
195,646
195,647
195,648
195,649
195,650
195,651
195,652
196,653
196,654
198,16
198,655
198,656
198,657
198,109
199,16
199,658
199,659
199,660
199,661
199,662
199,663
199,664
199,665
203,16
203,666
203,109
204,16
204,667
204,668
205,669
205,670
205,671
206,672
206,673
206,674
206,675
206,676
206,677
206,678
206,679
206,109
207,680
207,681
207,682
207,683
207,684
207,685
207,686
207,687
207,688
207,689
207,690
207,691
208,380
208,692
208,693
208,694
208,695
208,696
208,697
208,698
208,699
208,700
208,701
209,702
209,703
209,704
209,705
209,706
209,707
209,708
209,709
209,710
209,711
209,712
210,713
210,714
210,715
210,716
210,717
210,718
210,719
210,720
211,721
211,722
211,723
211,724
211,725
211,726
213,727
213,728
213,729
213,730
214,731
214,732
214,733
214,734
214,735
214,736
214,737
214,738
214,739
214,740
215,741
215,742
215,743
215,744
215,745
215,746
215,747
215,748
215,749
215,750
215,751
216,752
216,753
216,754
216,755
218,756
218,757
218,758
218,759
218,760
218,761
219,762
219,763
219,764
219,765
219,766
220,767
220,768
221,769
221,770
222,771
222,772
224,773
224,774
224,775
224,776
224,777
224,778
224,779
224,780
224,781
225,782
225,783
225,784
226,785
226,786
226,787
226,788
226,789
226,790
226,791
226,792
227,793
227,794
227,795
227,796
227,797
227,798
227,799
228,800
228,801
228,802
228,803
228,804
229,805
229,806
229,807
230,808
230,809
231,810
231,811
231,812
231,813
231,814
231,815
231,816
232,817
232,818
232,819
232,820
234,821
234,822
235,823
235,824
235,825
235,826
235,827
235,828
235,829
235,830
235,831
236,832
236,833
236,834
236,835
237,836
237,837
237,838
237,839
237,840
237,841
237,842
237,843
237,844
237,845
238,846
238,847
238,848
238,849
239,850
239,851
239,852
239,853
240,854
240,855
240,856
241,857
241,858
241,859
241,860
242,861
242,862
242,863
242,864
243,865
243,866
243,867
243,868
243,869
243,870
243,871
243,872
244,873
244,874
244,875
244,876
245,877
245,878
245,879
245,880
245,881
245,882
246,883
246,884
246,885
246,886
247,887
247,888
247,889
247,890
247,891
247,892
247,893
247,90
248,894
248,895
249,896
249,897
249,898
249,899
250,900
250,901
250,902
250,903
250,904
251,905
251,906
251,907
251,908
251,909
251,910
252,911
252,912
252,913
252,914
252,915
252,916
254,917
254,918
254,919
255,920
255,921
256,922
256,923
257,924
257,925
258,926
258,927
258,928
258,929
259,930
259,931
259,932
259,933
262,934
262,935
262,936
262,937
262,938
262,939
262,940
262,941
262,942
262,943
263,944
263,945
263,946
263,947
265,948
265,949
265,950
265,951
265,952
265,953
265,954
265,955
266,956
266,957
266,958
266,959
267,960
267,961
267,962
267,963
271,964
271,965
271,966
272,967
273,968
273,969
273,970
273,971
274,972
274,973
274,974
275,975
275,976
275,977
275,978
276,979
276,980
276,981
277,982
277,983
277,984
277,985
278,986
278,987
278,988
278,989
278,990
279,991
279,992
279,993
280,994
281,995
281,996
281,997
281,998
281,999
282,1000
282,1001
282,1002
282,1003
285,1004
285,1005
285,1006
285,1007
285,1008
285,1009
286,1010
286,1011
286,1012
286,1013
286,1014
288,1015
288,1016
288,1017
288,1018
288,1019
288,1020
289,1021
290,1022
290,1023
291,1024
291,1025
291,1026
291,1027
292,1028
292,1029
293,1030
293,1031
293,1032
293,1033
293,1034
294,1035
294,1036
294,1037
295,1038
295,1039
295,1040
297,1041
298,1042
299,1043
299,1044
299,1045
299,1046
299,1047
300,1048
300,1049
300,1050
300,1051
300,1052
301,1053
301,1054
301,1055
302,1056
303,1057
303,1058
305,1059
306,1060
306,1061
307,1062
307,1063
307,1064
307,1065
307,1066
308,1067
308,1068
308,1069
310,1070
310,1071
310,1072
310,1073
311,1074
311,1075
311,1076
312,1077
312,1078
312,1079
312,1080
313,1081
313,1082
313,1083
313,1084
314,1085
314,1086
314,1087
314,1088
314,1089
314,1090
314,1091
315,1092
315,1093
316,1057
316,1094
317,1095
317,1096
318,1097
318,1098
318,1099
318,1100
318,1101
319,1102
320,1103
320,1104
320,1105
321,1106
321,1107
321,1108
322,1109
322,1110
322,1111
322,1112
322,1113
323,1114
323,1115
323,1116
324,1117
324,1118
324,1119
325,1120
325,1121
325,1122
325,1123
326,1124
326,1125
326,1126
326,1127
326,1128
326,1129
327,1130
329,1131
329,1132
329,1133
329,1134
329,1135
330,1136
332,1137
332,1138
332,1139
332,1140
332,1141
333,1142
333,1143
333,1144
334,1145
334,1146
334,1147
334,1148
334,1149
334,1150
334,1151
335,1152
335,1153
335,1154
335,1155
336,1156
337,1157
337,1158
337,1159
337,1160
338,1161
338,1162
339,1163
339,1164
339,1165
340,1166
340,1167
340,1168
340,1169
341,1170
341,1171
342,1172
342,1173
342,1174
343,1175
343,1176
344,1177
344,1178
344,1179
344,1180
344,1181
345,1182
345,1183
345,1184
345,1185
346,1186
346,1187
346,1188
346,1189
346,1190
346,1191
